30
74278
7800
33345
26
11325
1418
14953
3752
251
205510
205510
113704
38
3722
15200
15196
22767
15840
146963
481
91
8792
12372
78412
20354
99851
61541
8953
4352
105924
291
72
50315
15736
28208
3258
2376
19498
192
6669
387
48223
12515
65
2700
33743
20057
35253
14383
11237
83148
178423
158711
105425
79
56201
37
15527
182
4144
30158
59384
13118
47728
1829
367
202519
89317
25982
12901
13348
17536
153818
15759
10857
16771
2010
559
54216
21996
2432
7681
13421
6344
3610
217681
188536
5923
16623
7077
2570
2570
20411
25847
150979
58748
36990
15628
18152
35468
7769
7411
4594
18996
21702
52075
181824
225938
28858
125807
61815
4140
75048
10264
1657
158683
22
213022
147
100927
4642
129721
15979
30222
3004
260542
13020
122321
1570
9357
274
18297
274
20456
13276
73419
19063
103853
237360
25049
60087
5189
18953
108808
7917
149
50779
20769
2769
18246
147949
68298
49
13560
232390
39992
13358
105280
9064
278003
229805
234902
3648
24683
142846
95072
162972
207803
78000
226523
104188
16083
56945
19043
39043
7168
65164
1858
105526
5443
161462
217041
45572
218796
47153
241588
2779
38518
276213
22348
134965
16285
241159
90753
261611
197524
210057
257863
21967
9301
15442
120968
11830
46029
111796
131044
15983
48934
5676
43753
249348
249293
24430
no
no
7029
24759
179607
141939
113527
191129
233691
200012
24443
241222
139104
33503
493
38790
45871
220293
223119
8770
1746
7211
38336
115416
245065
58383
152854
211482
2396
219860
63
3101
75049
32997
25317
2518
11498
10792
12506
1907
18164
1577
8874
13864
115
80497
11137
11893
121127
47
7607
6680
138154
15367
11608
7937
62
13410
40806
19024
61540
55
3986
53817
7087
60471
12291
10529
131414
1117
71
23336
27903
1840
36430
17867
86422
123556
213054
211483
19586
10942
5944
17576
199977
68006
248750
38955
238091
37352
15863
14968
7076
261927
4092
37516
4698
25519
241397
1786
72510
4254
2527
45028
183506
14030
18053
11172
501
69
1736
150800
157599
23632
190072
191147
242866
26980
46995
12413
10920
10911
32785
no
207268
242794
241679
243664
76
55
242992
104742
11281
256868
210759
179
10300
67449
15254
126674
276422
276425
4512
7198
79587
147523
133557
131213
