279087
76
493
67727
223119
200012
58383
67788
152854
8770
242992
32785
182
63
30
3101
6680
179
32997
7800
33345
26
25317
11325
2518
1418
11498
14953
10792
3752
12506
1907
18164
251
1577
8874
205510
205510
113704
13864
38
115
80497
3722
15200
15196
22767
15840
11137
146963
11893
481
121127
91
8792
47
12372
12372
78412
20354
7607
99851
3024
160808
61541
4352
75049
138154
105924
15367
291
72
50315
28208
15736
11608
3258
7937
2376
192
19498
6669
387
48223
62
12515
7445
65
13410
2700
33743
20057
40806
14383
35253
19024
11237
83148
158711
61540
178423
79
105425
13118
56201
37
15527
55
144471
202519
4144
30158
59384
35868
47728
1829
367
89317
25982
12901
13348
17536
153818
3986
53817
10857
7087
16771
559
2010
54216
60471
12291
2432
21996
7681
10529
13421
3610
6344
217681
188536
5923
131414
16623
7077
2570
2570
20411
25847
150979
1117
58748
36990
23336
27903
71
18152
15628
35468
1840
7769
36430
7411
17867
4594
18996
21702
181824
86422
52075
225938
28858
123556
125807
61815
211483
213054
4140
10264
1657
158683
22
213022
10942
19586
5944
17576
100927
4642
42975
199977
129721
248750
15979
68006
30222
260542
38955
13020
3004
238091
122321
37352
1570
9357
18297
274
274
147
20456
15863
13276
73419
19063
237360
103853
14968
7076
261927
25049
37516
4092
5189
18953
4698
149
108808
50779
25519
20769
2769
217610
18246
147949
162338
68298
49
13560
60087
7146
39992
232390
105280
241397
1786
72510
13358
9064
4254
2527
45028
183506
14030
278003
142846
37107
33503
198765
191121
234902
229805
18053
24683
24443
3648
162972
11172
207803
95072
78000
104188
7029
226523
243664
501
69
16083
56945
179031
19043
39043
7168
65164
1736
105526
1858
5443
161462
217041
45572
218796
2779
241588
47153
38518
261611
276213
134965
22348
16285
241159
90753
150800
23632
157599
197524
21967
75048
257863
210057
190072
191147
9301
191129
120968
242866
15442
26980
11830
46029
111796
13431
131044
15983
48934
10911
5676
43753
46995
249348
249293
12413
141939
24430
282231
10920
220293
7917
38790
242794
219860
15759
17416
